<?xml version="1.0" encoding="UTF-8" standalone="no"?>
<!DOCTYPE svg PUBLIC "-//W3C//DTD SVG 20010904//EN"
              "http://www.w3.org/TR/2001/REC-SVG-20010904/DTD/svg10.dtd">

<svg xmlns="http://www.w3.org/2000/svg"
     width="2.32222in" height="2.53333in"
     viewBox="0 0 209 228">
  <path id="Imported Path"
        fill="none" stroke="black" stroke-width=".0005"
        d="M 67.89,58.64
           C 67.89,58.64 67.89,227.69 67.89,227.69
             67.89,227.69 208.69,227.69 208.69,227.69
             208.69,227.69 208.69,58.64 208.69,58.64
             208.69,58.64 67.89,58.64 67.89,58.64 Z
           M 0.31,12.40
           C 0.31,12.40 0.31,113.82 0.31,113.82
             0.31,113.82 84.79,113.82 84.79,113.82
             84.79,113.82 84.79,12.40 84.79,12.40
             84.79,12.40 0.31,12.40 0.31,12.40 Z
           M 12.29,180.16
           C 12.29,180.16 16.60,183.78 16.60,183.78
             16.60,183.78 157.29,16.02 157.29,16.02
             157.29,16.02 152.98,12.40 152.98,12.40
             152.98,12.40 12.29,180.16 12.29,180.16 Z" />
</svg>
